ansible/proxmox-install/install-artifact-2024-05-10T17:23:32.782623+00:00.json
ansible/proxmox-install/install-artifact-2024-05-10T17:24:34.919793+00:00.json
